Cospeciation Duplication Switch Sorting
2.00 0.00 -2.00 -3.00
1.00 0.00 -1.00 1.00
1.50 2.25 -3.75 1.00
1.00 3.00 -4.00 -2.00
NoAcyclicSolution
1.00 0.50 -1.50 -2.00
NoAcyclicSolution
1.00 0.50 -1.50 0.00
1.27 0.44 -1.72 2.55
2.00 1.00 -3.00 -1.00
1.50 0.50 -2.00 1.00
2.00 0.25 -2.25 -2.00
2.00 1.00 -3.00 -1.00
NoAcyclicSolution
1.33 0.00 -1.33 0.67
NoAcyclicSolution
1.00 0.85 -1.85 -3.00
1.00 0.00 -1.00 -4.00
0.00 0.80 -0.80 -2.00
3.00 0.00 -3.00 2.00
0.00 0.50 -0.50 0.00
4.00 0.00 -4.00 -5.00
1.00 0.17 -1.17 -2.00
0.00 1.50 -1.50 -1.00
1.00 0.33 -1.33 -1.00
2.00 1.00 -3.00 0.00
NoAcyclicSolution
NoAcyclicSolution
1.00 0.00 -1.00 -1.00
1.00 0.33 -1.33 -2.00
2.00 0.00 -2.00 -2.00
5.00 2.00 -7.00 0.00
4.00 0.00 -4.00 -1.00
NoAcyclicSolution
2.00 0.83 -2.83 -1.00
2.00 0.50 -2.50 1.00
1.00 0.00 -1.00 -5.00
3.00 0.00 -3.00 0.00
0.33 0.20 -0.53 0.67
NoAcyclicSolution
2.00 0.00 -2.00 0.00
0.46 0.10 -0.56 0.92
2.43 0.14 -2.57 1.86
2.00 0.50 -2.50 -3.00
3.08 0.00 -3.08 1.17
1.00 0.00 -1.00 0.00
2.00 2.00 -4.00 1.00
NoAcyclicSolution
NoAcyclicSolution
0.00 1.00 -1.00 -4.00
-0.53 0.00 0.53 -2.06
NoAcyclicSolution
NoAcyclicSolution
1.00 0.00 -1.00 -1.00
3.00 3.16 -6.16 0.00
NoAcyclicSolution
1.00 0.50 -1.50 1.00
1.00 0.00 -1.00 -1.00
0.08 0.14 -0.22 0.15
1.57 0.11 -1.68 -0.86
